0 0.189641 0.560547 0.098032 0.301562
0 0.688802 0.602744 0.173090 0.318066
3 0.211545 0.161650 0.085938 0.304355
3 0.679126 0.189043 0.085938 0.304375
3 0.213171 0.832881 0.085949 0.139121
3 0.681568 0.895391 0.077836 0.127188
3 0.086534 0.309590 0.079479 0.145313
3 0.086534 0.468486 0.079479 0.145332
3 0.429931 0.752012 0.068148 0.115117
3 0.084913 0.621924 0.079479 0.145332
3 0.084913 0.769863 0.079479 0.145312
3 0.542749 0.309590 0.079479 0.145313
3 0.544369 0.465752 0.079479 0.145332
3 0.542749 0.624658 0.079479 0.145332
3 0.545995 0.780830 0.079491 0.145332
3 0.901557 0.917090 0.102211 0.165820
