3 0.679126 0.183564 0.085938 0.304355
3 0.218044 0.841104 0.085949 0.139121
3 0.682373 0.882197 0.085949 0.139121
3 0.081661 0.320557 0.079479 0.145332
3 0.083281 0.476709 0.079479 0.145332
3 0.086534 0.632881 0.079479 0.145332
3 0.086534 0.786299 0.079479 0.145332
3 0.542749 0.309590 0.079479 0.145313
3 0.544369 0.468486 0.079479 0.145332
3 0.544369 0.621924 0.079479 0.145332
3 0.547622 0.780830 0.079479 0.145332
3 0.907228 0.908193 0.103831 0.175410
3 0.434769 0.749277 0.064907 0.120586
0 0.690828 0.598682 0.171100 0.318066
0 0.188247 0.566396 0.094780 0.308223
3 0.208299 0.164385 0.085949 0.304355
