3 0.083281 0.591787 0.079479 0.145332
3 0.677500 0.884932 0.085949 0.139121
0 0.190249 0.535908 0.094387 0.318066
0 0.689693 0.592979 0.171100 0.318066
3 0.429091 0.732812 0.069757 0.115234
3 0.898310 0.912305 0.098981 0.167187
3 0.542749 0.767119 0.079479 0.145332
3 0.542749 0.605479 0.079479 0.145332
3 0.544369 0.452061 0.079479 0.145332
3 0.545995 0.295889 0.079491 0.145332
3 0.081661 0.747939 0.079479 0.145332
3 0.209919 0.810967 0.085949 0.139121
3 0.086534 0.435615 0.079479 0.145332
3 0.089780 0.279453 0.079491 0.145313
3 0.219664 0.140479 0.085949 0.280957
3 0.685619 0.178086 0.085938 0.304375
