2 0.934953 0.054012 0.113062 0.107811
1 0.689320 0.499781 0.060109 0.043041
1 0.758984 0.499959 0.059219 0.040462
1 0.828078 0.500698 0.059156 0.040450
1 0.827844 0.593615 0.057719 0.040462
1 0.758719 0.593988 0.057719 0.040450
1 0.690672 0.593615 0.057719 0.040462
1 0.248570 0.399314 0.058172 0.036639
1 0.774063 0.321964 0.057188 0.033941
1 0.857523 0.246314 0.060891 0.031870
1 0.773781 0.245254 0.057438 0.033988
1 0.693094 0.245385 0.054688 0.031337
0 0.266094 0.676367 0.107187 0.099574
0 0.756453 0.129976 0.066656 0.092521
0 0.246664 0.203799 0.097922 0.092521
3 0.772437 0.428574 0.068781 0.041763
3 0.852242 0.423432 0.072703 0.048994
3 0.756172 0.717148 0.047344 0.093515
3 0.266117 0.762278 0.088828 0.049172
3 0.264602 0.583746 0.085797 0.049858
3 0.266797 0.974763 0.070781 0.049882
3 0.389094 0.071633 0.113062 0.121822
3 0.244117 0.119030 0.082391 0.046107
3 0.245562 0.280497 0.072625 0.045396
3 0.387969 0.328041 0.090312 0.058331
3 0.756227 0.913249 0.049422 0.037645
0 0.755477 0.830036 0.120609 0.101349
3 0.880852 0.720219 0.131109 0.133290
