3 0.461594 0.513573 0.029812 0.081187
0 0.840305 0.306917 0.024766 0.046250
0 0.500414 0.309552 0.026766 0.051521
3 0.885930 0.510594 0.029797 0.081187
3 0.802398 0.594115 0.029797 0.081188
3 0.461594 0.429052 0.029812 0.081187
3 0.506336 0.428063 0.029797 0.081167
3 0.546609 0.427063 0.029812 0.081167
3 0.504852 0.512583 0.029797 0.081167
3 0.548102 0.511583 0.029797 0.081167
3 0.463086 0.596104 0.029797 0.081167
3 0.504102 0.595104 0.029797 0.081167
3 0.549594 0.595104 0.029812 0.081167
3 0.803148 0.426073 0.029797 0.081187
3 0.843422 0.426073 0.029813 0.081187
3 0.885180 0.427063 0.029797 0.081167
3 0.801656 0.510594 0.029813 0.081187
3 0.843422 0.508604 0.029813 0.081167
3 0.885180 0.594115 0.029797 0.081188
3 0.843422 0.593125 0.029813 0.081167
