3 0.544502 0.310937 0.088079 0.150391
0 0.690781 0.604717 0.177350 0.326660
0 0.190203 0.558105 0.096146 0.313477
3 0.211545 0.160723 0.098970 0.321445
3 0.687245 0.176875 0.098981 0.338438
3 0.214792 0.833965 0.098981 0.129336
3 0.680752 0.894277 0.098981 0.129414
3 0.902355 0.910107 0.102859 0.179785
3 0.430185 0.746992 0.070417 0.113828
3 0.544514 0.467305 0.088056 0.145859
3 0.544491 0.624824 0.085324 0.150391
3 0.545185 0.780107 0.086713 0.141348
3 0.085191 0.305176 0.084016 0.150391
3 0.085862 0.462715 0.090775 0.150391
3 0.087876 0.620254 0.088067 0.145859
3 0.086522 0.777783 0.088067 0.145879
