3 0.816288 0.448491 0.015925 0.024252
0 0.332400 0.302119 0.013633 0.038780
0 0.447938 0.299308 0.014292 0.038868
0 0.563167 0.299094 0.013833 0.039799
0 0.678404 0.298943 0.013642 0.038868
0 0.793667 0.299623 0.013500 0.038868
0 0.904167 0.389912 0.023500 0.038868
1 0.318250 0.357799 0.012000 0.015220
1 0.336908 0.357465 0.012317 0.015635
1 0.353908 0.357484 0.012683 0.015597
1 0.337071 0.396101 0.012692 0.015597
1 0.433954 0.357648 0.012692 0.015597
1 0.452321 0.357472 0.012192 0.015597
1 0.471625 0.357434 0.012083 0.015597
1 0.452588 0.396314 0.012158 0.015597
1 0.549308 0.357384 0.012450 0.015597
1 0.567633 0.357509 0.011900 0.015597
1 0.586717 0.357434 0.012400 0.015195
1 0.567533 0.396365 0.012267 0.015321
1 0.665908 0.357635 0.012183 0.014792
1 0.683058 0.357270 0.012683 0.015019
1 0.702154 0.357233 0.012692 0.015849
1 0.682842 0.396220 0.012483 0.015836
1 0.780117 0.357396 0.012267 0.015597
1 0.798283 0.357396 0.012267 0.015597
1 0.815113 0.357547 0.012442 0.015220
1 0.798304 0.396201 0.012225 0.015597
1 0.889487 0.288233 0.012025 0.015736
1 0.903921 0.288535 0.012158 0.015384
1 0.918338 0.288849 0.011992 0.014931
1 0.889550 0.248679 0.012400 0.015597
1 0.904217 0.248805 0.012067 0.015597
1 0.918300 0.248994 0.012233 0.015472
2 0.374604 0.259767 0.026625 0.054050
2 0.489946 0.259748 0.025942 0.054038
2 0.605000 0.259604 0.025833 0.054050
2 0.720046 0.259509 0.026258 0.054038
2 0.835812 0.259245 0.025942 0.054038
3 0.929238 0.343428 0.027025 0.054453
3 0.903025 0.340069 0.009617 0.037396
3 0.902900 0.423522 0.009467 0.017836
3 0.902525 0.452264 0.016617 0.019245
3 0.797833 0.452113 0.016617 0.019245
3 0.682375 0.452113 0.016617 0.019245
3 0.567108 0.452113 0.016617 0.019245
3 0.451654 0.452390 0.016625 0.019245
3 0.336358 0.452616 0.016617 0.019245
3 0.355204 0.448126 0.015925 0.024252
3 0.470696 0.448289 0.015925 0.024252
3 0.585913 0.447862 0.015925 0.024252
3 0.701021 0.447925 0.015925 0.024252
