1 0.579785 0.765469 0.080547 0.059722
0 0.481719 0.319974 0.152070 0.157205
2 0.721797 0.157196 0.176562 0.213906
3 0.144170 0.301406 0.110449 0.095799
1 0.383096 0.612066 0.078340 0.058854
3 0.145547 0.607309 0.110430 0.095799
3 0.471758 0.458880 0.069375 0.068351
3 0.474316 0.121016 0.074414 0.155191
3 0.921230 0.598177 0.110430 0.095799
3 0.918662 0.494158 0.110449 0.095816
3 0.921230 0.391415 0.110430 0.095816
3 0.921230 0.289957 0.110430 0.095816
3 0.145547 0.509132 0.110430 0.095799
3 0.142979 0.406389 0.110449 0.095799
1 0.481045 0.611319 0.080488 0.058854
1 0.579258 0.611285 0.080547 0.059722
1 0.381758 0.764219 0.080547 0.060104
1 0.481025 0.765122 0.079355 0.059687
