3 0.370837 0.882832 0.038795 0.186719
0 0.835296 0.580410 0.040212 0.132305
2 0.279587 0.375029 0.074621 0.180410
2 0.616350 0.374229 0.074621 0.180410
2 0.945262 0.374229 0.074609 0.180410
1 0.849074 0.177842 0.035201 0.048223
1 0.520608 0.656357 0.034297 0.049902
1 0.464163 0.690723 0.033281 0.049922
1 0.183862 0.654639 0.034241 0.049902
1 0.127868 0.692441 0.034308 0.049922
3 0.847031 0.413613 0.028348 0.131758
3 0.847031 0.697900 0.028348 0.056465
3 0.518265 0.554063 0.028337 0.056484
3 0.180357 0.555156 0.028348 0.056484
3 0.181674 0.270957 0.038795 0.122773
3 0.519570 0.281201 0.038806 0.134277
3 0.034247 0.880547 0.038806 0.186719
0 0.507383 0.432646 0.038203 0.132285
3 0.775915 0.434189 0.038795 0.186699
0 0.171540 0.435508 0.039286 0.132305
