1 0.701151 0.324403 0.054432 0.058401
1 0.361250 0.594154 0.054432 0.058419
1 0.285575 0.594154 0.054446 0.058419
1 0.203253 0.592445 0.054432 0.058419
1 0.286903 0.743640 0.054432 0.058419
2 0.456200 0.212206 0.118168 0.207904
3 0.762869 0.852601 0.047756 0.058805
1 0.829936 0.324403 0.054446 0.058401
1 0.829936 0.169761 0.054446 0.058419
1 0.765156 0.169770 0.054432 0.058401
1 0.700497 0.170588 0.052699 0.059191
0 0.766847 0.715248 0.107500 0.151121
0 0.266314 0.368566 0.059702 0.149485
3 0.761101 0.529504 0.047770 0.143199
3 0.879276 0.535202 0.114744 0.204963
3 0.367656 0.945460 0.079460 0.097684
1 0.764879 0.324403 0.054446 0.058401
