1 0.224717 0.257305 0.037422 0.124141
3 0.236523 0.882969 0.045703 0.199688
3 0.580005 0.885312 0.046826 0.195000
3 0.939253 0.882988 0.046826 0.194961
1 0.874678 0.253848 0.037422 0.124102
1 0.874678 0.523516 0.037422 0.124141
1 0.821953 0.250391 0.037422 0.124141
1 0.568711 0.253848 0.037422 0.124102
1 0.516855 0.523516 0.037422 0.124141
1 0.516855 0.253848 0.037422 0.124102
1 0.464995 0.257305 0.037432 0.124141
1 0.172861 0.526953 0.037422 0.124141
1 0.120137 0.260762 0.037422 0.124102
1 0.172861 0.257305 0.037422 0.124141
1 0.926533 0.253848 0.037422 0.124102
