3 0.249411 0.891016 0.047770 0.175260
1 0.190149 0.607135 0.034361 0.104167
1 0.232500 0.353594 0.034347 0.104167
1 0.190149 0.353594 0.034361 0.104167
1 0.148658 0.353594 0.034361 0.104167
1 0.482280 0.347240 0.034361 0.104167
1 0.523764 0.350417 0.034347 0.104167
1 0.566122 0.350417 0.034347 0.104167
1 0.900604 0.350417 0.034361 0.104167
1 0.858253 0.581771 0.034347 0.104167
1 0.857386 0.353594 0.034347 0.104167
1 0.816768 0.353594 0.034361 0.104167
1 0.524609 0.580208 0.034361 0.104167
3 0.584112 0.888047 0.047770 0.166615
3 0.918224 0.892370 0.047756 0.166615
